Rs = 2.3;
Ld = 0.045;
Lq = 0.045;
Lamda_f = 0.063;
J = 0.033;
B = 0.00825;
pole = 4;
Ts = 0.001;

