Rs = 1.2;
Ld = 0.0057;
Lq = 0.0125;
Lamda_f = 0.123;
pole = 4;
J = 0.0002;
B = 0.0005;
